precision gamma xgb_roc hls_roc ref_roc LUT FF latency
ap_fixed<32,16> 0.0 0.9801332346410067 0.9801332346410067 0.9801332346410067 0.03483683516037353 0.01533952496954933 14
ap_fixed<16,8> 0.0 0.9801332346410067 0.9802368615840119 0.9801332346410067 0.02577014819326025 0.013799228583028827 14
ap_fixed<14,7> 0.0 0.9801332346410067 0.9805181347150258 0.9801332346410067 0.02141823995127893 0.013239697523345514 14
ap_fixed<12,6> 0.0 0.9801332346410067 0.9827683197631383 0.9801332346410067 0.020832064555420218 0.012926943767762891 14
ap_fixed<10,5> 0.0 0.9801332346410067 0.973960029607698 0.9801332346410067 0.019952801461632155 0.01274487413723102 14
ap_fixed<8,4> 0.0 0.9801332346410067 0.4983419689119172 0.9801332346410067 0.019172503045066992 0.012373756597645148 14
ap_fixed<6,3> 0.0 0.9801332346410067 0.39259807549962983 0.9801332346410067 0.017936713357693868 0.011909383881445391 14
ap_fixed<4,2> 0.0 0.9801332346410067 0.5551739452257587 0.9801332346410067 0.0168950466910272 0.011402507105156313 14
ap_fixed<32,16> 0.1 0.9801332346410067 0.9801332346410067 0.9801332346410067 0.03483683516037353 0.01533952496954933 14
ap_fixed<16,8> 0.1 0.9801332346410067 0.9802368615840119 0.9801332346410067 0.02577014819326025 0.013799228583028827 14
ap_fixed<14,7> 0.1 0.9801332346410067 0.9805181347150258 0.9801332346410067 0.02141823995127893 0.013239697523345514 14
ap_fixed<12,6> 0.1 0.9801332346410067 0.9827683197631383 0.9801332346410067 0.020832064555420218 0.012926943767762891 14
ap_fixed<10,5> 0.1 0.9801332346410067 0.973960029607698 0.9801332346410067 0.019952801461632155 0.01274487413723102 14
ap_fixed<8,4> 0.1 0.9801332346410067 0.4983419689119172 0.9801332346410067 0.019172503045066992 0.012373756597645148 14
ap_fixed<6,3> 0.1 0.9801332346410067 0.39259807549962983 0.9801332346410067 0.017936713357693868 0.011909383881445391 14
ap_fixed<4,2> 0.1 0.9801332346410067 0.5551739452257587 0.9801332346410067 0.0168950466910272 0.011402507105156313 14
ap_fixed<32,16> 1.0 0.9801332346410067 0.9801332346410068 0.9801332346410067 0.03477466504263094 0.01533318107998376 14
ap_fixed<16,8> 1.0 0.9801332346410067 0.9802368615840119 0.9801332346410067 0.025761266747868453 0.013799228583028827 14
ap_fixed<14,7> 1.0 0.9801332346410067 0.9805181347150258 0.9801332346410067 0.021416971173365815 0.013242235079171742 14
ap_fixed<12,6> 1.0 0.9801332346410067 0.9827683197631383 0.9801332346410067 0.020826989443767763 0.012933922046285018 14
ap_fixed<10,5> 1.0 0.9801332346410067 0.973960029607698 0.9801332346410067 0.019980714575720666 0.012717595412099067 14
ap_fixed<8,4> 1.0 0.9801332346410067 0.4983419689119172 0.9801332346410067 0.019173771822980107 0.012370584652862364 14
ap_fixed<6,3> 1.0 0.9801332346410067 0.3919467061435974 0.9801332346410067 0.017935444579780756 0.011910018270401949 14
ap_fixed<4,2> 1.0 0.9801332346410067 0.5534270910436714 0.9801332346410067 0.01689377791311409 0.01140314149411287 14
ap_fixed<32,16> 10.0 0.9801332346410067 0.9801332346410067 0.9801332346410067 0.034742945594803086 0.015332546691027203 14
ap_fixed<16,8> 10.0 0.9801332346410067 0.9802516654330125 0.9801332346410067 0.025678796183516036 0.013787175192854243 14
ap_fixed<14,7> 10.0 0.9801332346410067 0.9805181347150259 0.9801332346410067 0.021460109622411693 0.01322130024360536 14
ap_fixed<12,6> 10.0 0.9801332346410067 0.9827683197631383 0.9801332346410067 0.02081049533089728 0.012928846934632561 14
ap_fixed<10,5> 10.0 0.9801332346410067 0.973960029607698 0.9801332346410067 0.019941382460414128 0.012735358302882664 14
ap_fixed<8,4> 10.0 0.9801332346410067 0.49834196891191707 0.9801332346410067 0.019183922046285017 0.012374390986601706 14
ap_fixed<6,3> 10.0 0.9801332346410067 0.3949814951887491 0.9801332346410067 0.017939250913520097 0.011910652659358506 14
ap_fixed<4,2> 10.0 0.9801332346410067 0.5200296076980016 0.9801332346410067 0.016901390580592774 0.011404410272025985 14
ap_fixed<32,16> 100.0 0.9815840118430792 0.9815840118430792 0.9801332346410067 0.0341225131952903 0.015358556638246042 14
ap_fixed<16,8> 100.0 0.9815840118430792 0.9815692079940784 0.9801332346410067 0.025063438895655703 0.013613987007714169 14
ap_fixed<14,7> 100.0 0.9815840118430792 0.9818208734270911 0.9801332346410067 0.021090895249695492 0.013072853227771011 14
ap_fixed<12,6> 100.0 0.9815840118430792 0.9753071798667653 0.9801332346410067 0.020542783191230207 0.012814022533495737 14
ap_fixed<10,5> 100.0 0.9815840118430792 0.9714285714285715 0.9801332346410067 0.019725690215184735 0.01265225334957369 14
ap_fixed<8,4> 100.0 0.9815840118430792 0.5094744633604738 0.9801332346410067 0.018955542021924482 0.012277963865205034 14
ap_fixed<6,3> 100.0 0.9815840118430792 0.391339748334567 0.9801332346410067 0.017704526999593993 0.011783774868047096 14
ap_fixed<4,2> 100.0 0.9815840118430792 0.3993486306439675 0.9801332346410067 0.016631140885099472 0.011210287251319529 14
ap_fixed<32,16> 1000.0 0.9780310880829015 0.9780310880829016 0.9801332346410067 0.019942651238327242 0.009978938286642307 14
ap_fixed<16,8> 1000.0 0.9780310880829015 0.9781199111769059 0.9801332346410067 0.013805572472594396 0.007617742590336987 14
ap_fixed<14,7> 1000.0 0.9780310880829015 0.9781939304219097 0.9801332346410067 0.011703207470564352 0.007236474827446204 14
ap_fixed<12,6> 1000.0 0.9780310880829015 0.9781495188749075 0.9801332346410067 0.01140758221680877 0.007103253146569224 14
ap_fixed<10,5> 1000.0 0.9780310880829015 0.9776461880088824 0.9801332346410067 0.01089245838408445 0.006905323792123426 14
ap_fixed<8,4> 1000.0 0.9780310880829015 0.4788156920799408 0.9801332346410067 0.010546082013804303 0.006756242387332521 14
ap_fixed<6,3> 1000.0 0.9780310880829015 0.3878312361213916 0.9801332346410067 0.009838103938286642 0.006444123020706455 14
ap_fixed<4,2> 1000.0 0.9780310880829015 0.5041006661732051 0.9801332346410067 0.009193564758424685 0.0061478633779943155 14
ap_fixed<12,5> 0.0 0.9801332346410067 0.9739304219096965 0.9801332346410067 0.021029993909866016 0.01302781161185546 14
ap_fixed<11,6> 0.0 0.9801332346410067 0.9827535159141377 0.9801332346410067 0.0200378095818108 0.01274487413723102 14
ap_fixed<11,5> 0.0 0.9801332346410067 0.973678756476684 0.9801332346410067 0.02023700771416971 0.012850182704019488 14
ap_fixed<10,4> 0.0 0.9801332346410067 0.6652701702442636 0.9801332346410067 0.02011266747868453 0.012796894031668697 14
ap_fixed<9,5> 0.0 0.9801332346410067 0.9722723908216137 0.9801332346410067 0.019371701177425902 0.012456227161997563 14
ap_fixed<9,4> 0.0 0.9801332346410067 0.6107031828275351 0.9801332346410067 0.019747259439707673 0.01261799634591961 14
ap_fixed<8,5> 0.0 0.9801332346410067 0.9667949666913396 0.9801332346410067 0.018770300446609826 0.01220374035728786 14
ap_fixed<12,5> 0.1 0.9801332346410067 0.9739304219096965 0.9801332346410067 0.021029993909866016 0.01302781161185546 14
ap_fixed<11,6> 0.1 0.9801332346410067 0.9827535159141377 0.9801332346410067 0.0200378095818108 0.01274487413723102 14
ap_fixed<11,5> 0.1 0.9801332346410067 0.973678756476684 0.9801332346410067 0.02023700771416971 0.012850182704019488 14
ap_fixed<10,4> 0.1 0.9801332346410067 0.6652701702442636 0.9801332346410067 0.02011266747868453 0.012796894031668697 14
ap_fixed<9,5> 0.1 0.9801332346410067 0.9722723908216137 0.9801332346410067 0.019371701177425902 0.012456227161997563 14
ap_fixed<9,4> 0.1 0.9801332346410067 0.6107031828275351 0.9801332346410067 0.019747259439707673 0.01261799634591961 14
ap_fixed<8,5> 0.1 0.9801332346410067 0.9667949666913396 0.9801332346410067 0.018770300446609826 0.01220374035728786 14
ap_fixed<12,5> 1.0 0.9801332346410067 0.9739304219096965 0.9801332346410067 0.02102491879821356 0.01303225233455136 14
ap_fixed<11,6> 1.0 0.9801332346410067 0.9827535159141377 0.9801332346410067 0.02004161591555014 0.01274487413723102 14
ap_fixed<11,5> 1.0 0.9801332346410067 0.973678756476684 0.9801332346410067 0.020238276492082825 0.012850182704019488 14
ap_fixed<10,4> 1.0 0.9801332346410067 0.6652701702442636 0.9801332346410067 0.02011520503451076 0.01279435647584247 14
ap_fixed<9,5> 1.0 0.9801332346410067 0.9722723908216137 0.9801332346410067 0.01936789484368656 0.012456227161997563 14
ap_fixed<9,4> 1.0 0.9801332346410067 0.6107031828275351 0.9801332346410067 0.019738377994315874 0.012628146569224523 14
ap_fixed<8,5> 1.0 0.9801332346410067 0.9667949666913396 0.9801332346410067 0.018763956557044256 0.012210084246853431 14
ap_fixed<12,5> 10.0 0.9801332346410067 0.973960029607698 0.9801332346410067 0.020998274462038165 0.013031617945594803 14
ap_fixed<11,6> 10.0 0.9801332346410067 0.9827535159141377 0.9801332346410067 0.02004161591555014 0.01274677730410069 14
ap_fixed<11,5> 10.0 0.9801332346410067 0.9736639526276831 0.9801332346410067 0.020216707267559888 0.012844473203410475 14
ap_fixed<10,4> 10.0 0.9801332346410067 0.6653145817912658 0.9801332346410067 0.020110129922858305 0.012787378197320341 14
ap_fixed<9,5> 10.0 0.9801332346410067 0.9722723908216137 0.9801332346410067 0.01938312017864393 0.012462571051563134 14
ap_fixed<9,4> 10.0 0.9801332346410067 0.6106439674315323 0.9801332346410067 0.01976121599675193 0.012624974624441739 14
ap_fixed<8,5> 10.0 0.9801332346410067 0.9667801628423389 0.9801332346410067 0.018779181892001624 0.012216428136419 14
ap_fixed<12,5> 100.0 0.9815840118430792 0.9699629903774981 0.9801332346410067 0.02071406820950061 0.01290791209906618 14
ap_fixed<11,6> 100.0 0.9815840118430792 0.9756624722427832 0.9801332346410067 0.019766291108404384 0.012658597239139261 14
ap_fixed<11,5> 100.0 0.9815840118430792 0.9703330866025167 0.9801332346410067 0.01999086479902558 0.012733455136012992 14
ap_fixed<10,4> 100.0 0.9815840118430792 0.6211843079200592 0.9801332346410067 0.019869062119366628 0.012687144742184329 14
ap_fixed<9,5> 100.0 0.9815840118430792 0.971117690599556 0.9801332346410067 0.01916615915550142 0.01234330592773041 14
ap_fixed<9,4> 100.0 0.9815840118430792 0.5941228719467061 0.9801332346410067 0.019527760860738937 0.012542504060089322 14
ap_fixed<8,5> 100.0 0.9815840118430792 0.9678756476683937 0.9801332346410067 0.01852035119772635 0.01205973406414941 14
ap_fixed<12,5> 1000.0 0.9780310880829015 0.9776017764618802 0.9801332346410067 0.011490052781161185 0.007111500203004466 14
ap_fixed<11,6> 1000.0 0.9780310880829015 0.9782531458179127 0.9801332346410067 0.010939403166869671 0.006924355460820138 14
ap_fixed<11,5> 1000.0 0.9780310880829015 0.9776757957068838 0.9801332346410067 0.011117032074705643 0.0070785119772635 14
ap_fixed<10,4> 1000.0 0.9780310880829015 0.6263952627683198 0.9801332346410067 0.011040905399918798 0.007037276695087292 14
ap_fixed<9,5> 1000.0 0.9780310880829015 0.9771428571428571 0.9801332346410067 0.010645046691027202 0.006796208891595615 14
ap_fixed<9,4> 1000.0 0.9780310880829015 0.6291783863804589 0.9801332346410067 0.010749086479902558 0.006863454120990662 14
ap_fixed<8,5> 1000.0 0.9780310880829015 0.9751591413767581 0.9801332346410067 0.010212393422655298 0.0065874949248883475 14
ap_fixed<12,6> 20.0 0.9801332346410067 0.9827683197631383 0.9801332346410067 0.020785119772635 0.012911084043848964 14
ap_fixed<12,5> 20.0 0.9801332346410067 0.973960029607698 0.9801332346410067 0.020972898903775884 0.013015758221680877 14
ap_fixed<11,6> 20.0 0.9801332346410067 0.9827535159141377 0.9801332346410067 0.01998578968737312 0.012732186358099877 14
ap_fixed<11,5> 20.0 0.9801332346410067 0.9736639526276831 0.9801332346410067 0.020191331709297603 0.012844473203410475 14
ap_fixed<10,6> 20.0 0.9801332346410067 0.9816580310880828 0.9801332346410067 0.019564555420219246 0.012549482338611449 14
ap_fixed<10,5> 20.0 0.9801332346410067 0.973960029607698 0.9801332346410067 0.01988555623223711 0.012721401745838409 14
ap_fixed<10,4> 20.0 0.9801332346410067 0.6654330125832717 0.9801332346410067 0.02007460414129111 0.012772152862362971 14
ap_fixed<9,6> 20.0 0.9801332346410067 0.9769356032568467 0.9801332346410067 0.01900121802679659 0.012305876979293544 14
ap_fixed<9,5> 20.0 0.9801332346410067 0.9722723908216137 0.9801332346410067 0.019356475842468534 0.012447980105562322 14
ap_fixed<8,6> 20.0 0.9801332346410067 0.9661584011843078 0.9801332346410067 0.018382054405196916 0.012053390174583841 14
ap_fixed<8,5> 20.0 0.9801332346410067 0.9667801628423389 0.9801332346410067 0.018757612667478683 0.012203105968331303 14
ap_fixed<12,6> 50.0 0.9802516654330127 0.9703478904515175 0.9801332346410067 0.020695036540803898 0.012896493097848153 14
ap_fixed<12,5> 50.0 0.9802516654330127 0.9736047372316802 0.9801332346410067 0.020925954120990662 0.013018295777507105 14
ap_fixed<11,6> 50.0 0.9802516654330127 0.970481125092524 0.9801332346410067 0.01997944579780755 0.01271442346731628 14
ap_fixed<11,5> 50.0 0.9802516654330127 0.9733530717986677 0.9801332346410067 0.02014692448233861 0.012829247868453107 14
ap_fixed<10,6> 50.0 0.9802516654330127 0.9703478904515175 0.9801332346410067 0.01957216808769793 0.01256661084043849 14
ap_fixed<10,5> 50.0 0.9802516654330127 0.9739600296076979 0.9801332346410067 0.019819579780755176 0.012716326634185952 14
ap_fixed<10,4> 50.0 0.9802516654330127 0.6284974093264248 0.9801332346410067 0.020008627689809176 0.012772787251319528 14
ap_fixed<9,6> 50.0 0.9802516654330127 0.9681125092524056 0.9801332346410067 0.018885759236703208 0.012257029029638652 14
ap_fixed<9,5> 50.0 0.9802516654330127 0.9726424870466321 0.9801332346410067 0.019378045066991475 0.01247652760860739 14
ap_fixed<8,6> 50.0 0.9802516654330127 0.9608142116950407 0.9801332346410067 0.01825644539179862 0.01198043544457978 14
ap_fixed<8,5> 50.0 0.9802516654330127 0.9683345669874167 0.9801332346410067 0.01865357287860333 0.012140935850588713 14
ap_fixed<12,6> 100.0 0.9815840118430792 0.9753071798667653 0.9801332346410067 0.020542783191230207 0.012814022533495737 14
ap_fixed<12,5> 100.0 0.9815840118430792 0.9699629903774981 0.9801332346410067 0.02071406820950061 0.01290791209906618 14
ap_fixed<11,6> 100.0 0.9815840118430792 0.9756624722427832 0.9801332346410067 0.019766291108404384 0.012658597239139261 14
ap_fixed<11,5> 100.0 0.9815840118430792 0.9703330866025167 0.9801332346410067 0.01999086479902558 0.012733455136012992 14
ap_fixed<10,6> 100.0 0.9815840118430792 0.975899333826795 0.9801332346410067 0.019359013398294763 0.012414991879821357 14
ap_fixed<10,5> 100.0 0.9815840118430792 0.9714285714285715 0.9801332346410067 0.019725690215184735 0.01265225334957369 14
ap_fixed<10,4> 100.0 0.9815840118430792 0.6211843079200592 0.9801332346410067 0.019869062119366628 0.012687144742184329 14
ap_fixed<9,6> 100.0 0.9815840118430792 0.9728941524796447 0.9801332346410067 0.01873858099878197 0.012166945797807551 14
ap_fixed<9,5> 100.0 0.9815840118430792 0.971117690599556 0.9801332346410067 0.01916615915550142 0.01234330592773041 14
ap_fixed<8,6> 100.0 0.9815840118430792 0.9636269430051815 0.9801332346410067 0.018049634591961024 0.011825644539179862 14
ap_fixed<8,5> 100.0 0.9815840118430792 0.9678756476683937 0.9801332346410067 0.01852035119772635 0.01205973406414941 14

 ap_fixed<10,6> 10.0 0.9801332346410067 0.9816580310880828 0.9801332346410067 0.019589930978481527 0.012564073284612261 14

 ap_fixed<9,6> 10.0 0.9801332346410067 0.9769356032568467 0.9801332346410067 0.019025324807145756 0.012319199147381242 14

 ap_fixed<8,6> 10.0 0.9801332346410067 0.9661435973353072 0.9801332346410067 0.018403623629719854 0.012066077953714982 14

 ap_fixed<10,6> 1.0 0.9801332346410067 0.9816580310880828 0.9801332346410067 0.01959119975639464 0.012560901339829476 14

 ap_fixed<9,6> 1.0 0.9801332346410067 0.9769504071058476 0.9801332346410067 0.019048162809581812 0.012316027202598457 14

 ap_fixed<8,6> 1.0 0.9801332346410067 0.9661584011843078 0.9801332346410067 0.01836809784815266 0.012058465286236298 14

 ap_fixed<10,6> 0.0 0.9801332346410067 0.9816580310880828 0.9801332346410067 0.019602618757612666 0.012558998172959805 14

 ap_fixed<9,6> 0.0 0.9801332346410067 0.9769504071058476 0.9801332346410067 0.019040550142103128 0.012325543036946813 14

 ap_fixed<8,6> 0.0 0.9801332346410067 0.9661584011843078 0.9801332346410067 0.018371904181892003 0.012058465286236298 14

 ap_fixed<12,6> 30.0 0.9801332346410067 0.9748334566987418 0.9801332346410067 0.020790194884287454 0.012911718432805521 14

 ap_fixed<12,5> 30.0 0.9801332346410067 0.9716506291635826 0.9801332346410067 0.020980511571254568 0.013016392610637435 14

 ap_fixed<11,6> 30.0 0.9801332346410067 0.9750259067357513 0.9801332346410067 0.020003552578156718 0.012732820747056435 14

 ap_fixed<11,5> 30.0 0.9801332346410067 0.9713841598815692 0.9801332346410067 0.020195138043036947 0.012845107592367032 14

 ap_fixed<10,6> 30.0 0.9801332346410067 0.973501110288675 0.9801332346410067 0.019577243199350385 0.012562804506699147 14

 ap_fixed<10,5> 30.0 0.9801332346410067 0.9716654330125833 0.9801332346410067 0.019907125456760048 0.012722670523751523 14

 ap_fixed<9,6> 30.0 0.9801332346410067 0.968260547742413 0.9801332346410067 0.019005024360535933 0.012306511368250101 14

 ap_fixed<9,5> 30.0 0.9801332346410067 0.9695188749074759 0.9801332346410067 0.019338712951684937 0.01244417377182298 14

 ap_fixed<8,6> 30.0 0.9801332346410067 0.9586232420429311 0.9801332346410067 0.018383323183110027 0.012055927730410069 14

 ap_fixed<8,5> 30.0 0.9801332346410067 0.9636713545521836 0.9801332346410067 0.018761419001218027 0.012205009135200975 14
